cik,adsh,form,filed,available_date,fy,fp,period_end,period_type,ticker,name,total_assets,stockholders_equity,goodwill_and_intangibles,goodwill,intangibles_excluding_goodwill,debt_noncurrent,debt_current,cash_and_equivalents,inventory,lease_liabilities,preferred_stock,total_deposits,gross_loans,total_revenue,gross_profit,operating_income,pretax_income,tax_provision,net_income,research_and_development,interest_expense,diluted_shares,interest_income,net_interest_income,credit_loss_provision,operating_expense,depreciation_amortization,operating_cash_flow,capital_expenditure,stock_based_compensation,dividends_paid,share_repurchase,free_cash_flow,tangible_book_value,total_debt,invested_capital,ebit,ebitda,sic,shares_outstanding,shares_asof,shares_source,long_term_debt,short_term_borrowings,depreciation,amortization,ticker_source,ticker_asof
789019,0001193125-09-212454,10-Q,2009-10-23,2009-10-24,2010,Q1,2009-09-30,quarterly,MSFT,MICROSOFT CORP,81612000000,41212000000,14235000000,12582000000,1653000000,3746000000,,8823000000,1150000000,,,,,12920000000,,4482000000,4765000000,1191000000,3574000000,2065000000,,8983000000,,,,,,6107000000,-435000000,443000000,-1157000000,-1540000000,5672000000,26977000000,3746000000,44958000000,,,7372,8900000000,2009-09-30,single,,2250000000,,,instance,2009-10-23
789019,0001193125-10-015598,10-Q,2010-01-28,2010-01-29,2010,Q2,2009-12-31,quarterly,MSFT,MICROSOFT CORP,82096000000,44283000000,13714000000,12368000000,1346000000,3746000000,,9422000000,589000000,,,,,19022000000,,8513000000,8883000000,2221000000,6662000000,2079000000,,8951000000,,,,,,4969000000,-376000000,485000000,-1152000000,-3867000000,4593000000,30569000000,3746000000,48029000000,,,7372,8811000000,2009-12-31,single,,2249000000,,,instance,2010-01-28
789019,0001193125-10-090116,10-Q,2010-04-22,2010-04-23,2010,Q3,2010-03-31,quarterly,MSFT,MICROSOFT CORP,84910000000,45710000000,13745000000,12463000000,1282000000,3746000000,,8155000000,501000000,,,,,14503000000,,5173000000,5341000000,1335000000,4006000000,2220000000,,8876000000,,,,,,7393000000,-408000000,481000000,-1139000000,-2023000000,6985000000,31965000000,3746000000,49456000000,,,7372,8762000000,2010-03-31,single,,2249000000,,,instance,2010-04-22
789019,0001193125-10-171791,10-K,2010-07-30,2010-07-31,2010,FY,2010-06-30,annual,MSFT,MICROSOFT CORP,86113000000,46175000000,13552000000,12394000000,1158000000,4939000000,,5505000000,740000000,,,,,62484000000,,24098000000,25013000000,6253000000,18760000000,8714000000,,8927000000,,,,,,24073000000,-1977000000,1891000000,-4578000000,-11269000000,22096000000,32623000000,4939000000,51114000000,,,7372,8668000000,2010-06-30,single,,1000000000,,,instance,2010-07-30
789019,0001193125-10-171791,10-K,2010-07-30,2010-07-31,2010,FY,2010-06-30,quarterly,MSFT,MICROSOFT CORP,86113000000,46175000000,13552000000,12394000000,1158000000,4939000000,,5505000000,740000000,,,,,16039000000,,5930000000,6024000000,1506000000,4518000000,2350000000,,,,,,,,5604000000,-758000000,482000000,-1127000000,-3839000000,4846000000,32623000000,4939000000,51114000000,,,7372,8668000000,2010-06-30,single,,1000000000,,,instance,2010-07-30
789019,0001193125-10-239825,10-Q,2010-10-28,2010-10-29,2011,Q1,2010-09-30,quarterly,MSFT,MICROSOFT CORP,91540000000,46942000000,13548000000,12471000000,1077000000,9665000000,,8161000000,1242000000,,,,,16195000000,,7116000000,7230000000,1820000000,5410000000,2196000000,,8695000000,,,,,,8194000000,-564000000,528000000,-1118000000,-4399000000,7630000000,33394000000,9665000000,56607000000,,,7372,8562000000,2010-09-30,single,,1000000000,,,instance,2010-10-28
789019,0001193125-11-015947,10-Q,2011-01-27,2011-01-28,2011,Q2,2010-12-31,quarterly,MSFT,MICROSOFT CORP,92306000000,48481000000,13494000000,12502000000,992000000,9671000000,,4023000000,861000000,,,,,19953000000,,8165000000,8497000000,1863000000,6634000000,2185000000,,8570000000,,,,,,4186000000,-491000000,553000000,-1363000000,-5052000000,3695000000,34987000000,9671000000,58152000000,,,7372,8403000000,2010-12-31,single,,0,,,instance,2011-01-27
789019,0001193125-11-115186,10-Q,2011-04-28,2011-04-29,2011,Q3,2011-03-31,quarterly,MSFT,MICROSOFT CORP,99727000000,53452000000,13394000000,12554000000,840000000,11915000000,,7021000000,1056000000,,,,,16428000000,,5709000000,6025000000,793000000,5232000000,2269000000,,8510000000,,,,,,8672000000,-658000000,541000000,-1349000000,-848000000,8014000000,40058000000,11915000000,65367000000,,,7372,8431000000,2011-03-31,single,,0,,,instance,2011-04-28
789019,0001193125-11-200680,10-K,2011-07-28,2011-07-29,2011,FY,2011-06-30,annual,MSFT,MICROSOFT CORP,108704000000,57083000000,13325000000,12581000000,744000000,11921000000,,9610000000,1372000000,,,,,69943000000,,27161000000,28071000000,4921000000,23150000000,9043000000,,8593000000,,,,,,26994000000,-2355000000,2166000000,-5180000000,-11555000000,24639000000,43758000000,11921000000,69004000000,,,7372,8376000000,2011-06-30,single,,0,,,instance,2011-07-28
789019,0001193125-11-200680,10-K,2011-07-28,2011-07-29,2011,FY,2011-06-30,quarterly,MSFT,MICROSOFT CORP,108704000000,57083000000,13325000000,12581000000,744000000,11921000000,,9610000000,1372000000,,,,,17367000000,,6171000000,6319000000,445000000,5874000000,2393000000,,,,,,,,5942000000,-642000000,544000000,-1350000000,-1256000000,5300000000,43758000000,11921000000,69004000000,,,7372,8376000000,2011-06-30,single,,0,,,instance,2011-07-28
789019,0001193125-11-276022,10-Q,2011-10-20,2011-10-21,2012,Q1,2011-09-30,quarterly,MSFT,MICROSOFT CORP,107415000000,59391000000,13563000000,12537000000,1026000000,11927000000,,12881000000,2270000000,,,,,17372000000,,7203000000,7306000000,1568000000,5738000000,2329000000,,8490000000,,,,,,8493000000,-436000000,558000000,-1341000000,-1934000000,8057000000,45828000000,11927000000,71318000000,,,7372,8410000000,2011-09-30,single,,,,,instance,2011-10-20
789019,0001193125-12-026864,10-Q/A,2012-01-27,2012-01-28,2012,Q2,2011-12-31,quarterly,MSFT,MICROSOFT CORP,112243000000,64121000000,22251000000,19670000000,2581000000,11932000000,,10610000000,1351000000,,,,,20885000000,,7994000000,8239000000,1615000000,6624000000,2371000000,,8465000000,,,,,,5862000000,-498000000,575000000,-1683000000,-1042000000,5364000000,41870000000,11932000000,76053000000,,,7372,8382000000,2011-12-31,single,,,,,instance,2012-01-27
789019,0001193125-12-170665,10-Q,2012-04-19,2012-04-20,2012,Q3,2012-03-31,quarterly,MSFT,MICROSOFT CORP,118010000000,68659000000,22454000000,19698000000,2756000000,11938000000,,6388000000,1412000000,,,,,17407000000,,6374000000,6363000000,1255000000,5108000000,2517000000,,8498000000,,,,,,9594000000,-749000000,591000000,-1683000000,-1023000000,8845000000,46205000000,11938000000,80597000000,,,7372,8400000000,2012-03-31,single,,,,,instance,2012-04-19
789019,0001193125-12-316848,10-K,2012-07-26,2012-07-27,2012,FY,2012-06-30,annual,MSFT,MICROSOFT CORP,121271000000,66363000000,16622000000,13452000000,3170000000,10713000000,,6938000000,1137000000,,,,,73723000000,,21763000000,22267000000,5289000000,16978000000,9811000000,,8506000000,,,,,,31626000000,-2305000000,2244000000,-6385000000,-5029000000,29321000000,49741000000,10713000000,77076000000,,,7372,8381000000,2012-06-30,single,,,,,instance,2012-07-26
789019,0001193125-12-316848,10-K,2012-07-26,2012-07-27,2012,FY,2012-06-30,quarterly,MSFT,MICROSOFT CORP,121271000000,66363000000,16622000000,13452000000,3170000000,10713000000,,6938000000,1137000000,,,,,18059000000,,192000000,359000000,851000000,-492000000,2594000000,,,,,,,,7677000000,-622000000,520000000,-1678000000,-1030000000,7055000000,49741000000,10713000000,77076000000,,,7372,8381000000,2012-06-30,single,,,,,instance,2012-07-26
789019,0001193125-12-427209,10-Q,2012-10-18,2012-10-19,2013,Q1,2012-09-30,quarterly,MSFT,MICROSOFT CORP,121876000000,68836000000,17889000000,14466000000,3423000000,9714000000,2236000000,5036000000,1624000000,,,,,16008000000,11840000000,5308000000,5534000000,1068000000,4466000000,2460000000,,8494000000,,,,6532000000,,8484000000,-603000000,603000000,-1676000000,-1632000000,7881000000,50947000000,11950000000,80786000000,,,7372,8422000000,2012-09-30,single,,,,,instance,2012-10-18
789019,0001193125-13-022207,10-Q,2013-01-24,2013-01-25,2013,Q2,2012-12-31,quarterly,MSFT,MICROSOFT CORP,128683000000,72576000000,18068000000,14727000000,3341000000,11947000000,2241000000,6017000000,1661000000,,,,,21456000000,15764000000,7771000000,7770000000,1393000000,6377000000,2528000000,,8444000000,,,,7993000000,,4780000000,-930000000,603000000,-1933000000,-1658000000,3850000000,54508000000,14188000000,86764000000,,,7372,8374000000,2012-12-31,single,,,,,instance,2013-01-24
789019,0001193125-13-160748,10-Q,2013-04-18,2013-04-19,2013,Q3,2013-03-31,quarterly,MSFT,MICROSOFT CORP,134105000000,76688000000,17922000000,14682000000,3240000000,11949000000,2246000000,5240000000,2133000000,,,,,20489000000,15702000000,7612000000,7603000000,1548000000,6055000000,2640000000,,8429000000,,,,8090000000,,9666000000,-930000000,599000000,-1925000000,-1028000000,8736000000,58766000000,14195000000,90883000000,,,7372,8349000000,2013-03-31,single,,,,,instance,2013-04-18
789019,0001193125-13-310206,10-K,2013-07-30,2013-07-31,2013,FY,2013-06-30,annual,MSFT,MICROSOFT CORP,142431000000,78944000000,17738000000,14655000000,3083000000,12601000000,2999000000,3804000000,1938000000,,,,,77849000000,57600000000,26764000000,27052000000,5189000000,21863000000,10411000000,,8470000000,,,,30836000000,,28833000000,-4257000000,2406000000,-7455000000,-5360000000,24576000000,61206000000,15600000000,94544000000,,,7372,8328000000,2013-06-30,single,,,,,instance,2013-07-30
789019,0001193125-13-310206,10-K,2013-07-30,2013-07-31,2013,FY,2013-06-30,quarterly,MSFT,MICROSOFT CORP,142431000000,78944000000,17738000000,14655000000,3083000000,12601000000,2999000000,3804000000,1938000000,,,,,19896000000,14294000000,6073000000,6145000000,1180000000,4965000000,2783000000,,,,,,8221000000,,5903000000,-1794000000,601000000,-1921000000,-1042000000,4109000000,61206000000,15600000000,94544000000,,,7372,8328000000,2013-06-30,single,,,,,instance,2013-07-30
789019,0001193125-13-409855,10-Q,2013-10-24,2013-10-25,2014,Q1,2013-09-30,quarterly,MSFT,MICROSOFT CORP,142348000000,81641000000,17649000000,14667000000,2982000000,12632000000,2000000000,4023000000,2613000000,,,,,18529000000,13415000000,6334000000,6408000000,1164000000,5244000000,2767000000,,8434000000,,,,7081000000,,8205000000,-1231000000,635000000,-1916000000,-2188000000,6974000000,63992000000,14632000000,96273000000,,,7372,8346000000,2013-09-30,single,,1300000000,,,instance,2013-10-24
789019,0001193125-14-018634,10-Q,2014-01-23,2014-01-24,2014,Q2,2013-12-31,quarterly,MSFT,MICROSOFT CORP,153543000000,85100000000,17625000000,14680000000,2945000000,20676000000,2000000000,10059000000,1594000000,,,,,24519000000,16235000000,7969000000,7878000000,1320000000,6558000000,2748000000,,8395000000,,,,8266000000,,4413000000,-1732000000,591000000,-2332000000,-2113000000,2681000000,67475000000,22676000000,107776000000,,,7372,8300000000,2013-12-31,single,,300000000,,,instance,2014-01-23
789019,0001193125-14-157088,10-Q,2014-04-24,2014-04-25,2014,Q3,2014-03-31,quarterly,MSFT,MICROSOFT CORP,156119000000,87424000000,17652000000,14751000000,2901000000,20679000000,2000000000,11572000000,1920000000,,,,,20403000000,14462000000,6974000000,6957000000,1297000000,5660000000,2743000000,,8367000000,,,,7488000000,,10099000000,-1192000000,602000000,-2322000000,-1845000000,8907000000,69772000000,22679000000,110103000000,,,7372,8260000000,2014-03-31,single,,,,,instance,2014-04-24
789019,0001193125-14-289961,10-K,2014-07-31,2014-08-01,2014,FY,2014-06-30,annual,MSFT,MICROSOFT CORP,172384000000,89784000000,27108000000,20127000000,6981000000,20645000000,0,8669000000,2660000000,,,,,86833000000,59899000000,27759000000,27820000000,5746000000,22074000000,11381000000,,8399000000,,,,,,32231000000,-5485000000,2446000000,-8879000000,-7316000000,26746000000,62676000000,20645000000,110429000000,,,7372,8239000000,2014-06-30,single,,2000000000,,,instance,2014-07-31
789019,0001193125-14-289961,10-K,2014-07-31,2014-08-01,2014,FY,2014-06-30,quarterly,MSFT,MICROSOFT CORP,172384000000,89784000000,27108000000,20127000000,6981000000,20645000000,0,8669000000,2660000000,,,,,23382000000,15787000000,6482000000,6577000000,1965000000,4612000000,3123000000,,,,,,,,9514000000,-1330000000,618000000,-2309000000,-1170000000,8184000000,62676000000,20645000000,110429000000,,,7372,8239000000,2014-06-30,single,,2000000000,,,instance,2014-07-31
789019,0001193125-14-380252,10-Q,2014-10-23,2014-10-24,2015,Q1,2014-09-30,quarterly,MSFT,MICROSOFT CORP,169656000000,90170000000,26774000000,20081000000,6693000000,18472000000,1748000000,6302000000,3141000000,,,,,23201000000,14928000000,5844000000,5896000000,1356000000,4540000000,3065000000,,8351000000,,,,,,8354000000,-1282000000,646000000,-2307000000,-2888000000,7072000000,63396000000,20220000000,110390000000,,,7372,8255000000,2014-09-30,single,,3500000000,,,instance,2014-10-23
789019,0001193125-15-020351,10-Q,2015-01-26,2015-01-27,2015,Q2,2014-12-31,quarterly,MSFT,MICROSOFT CORP,174848000000,91879000000,29154000000,21855000000,7299000000,18260000000,1749000000,6426000000,2053000000,,,,,26470000000,16334000000,7776000000,7850000000,1987000000,5863000000,2903000000,,8297000000,,,,,,4340000000,-1490000000,633000000,-2547000000,-2145000000,2850000000,62725000000,20009000000,111888000000,,,7372,8218000000,2014-12-31,single,,8299000000,,,instance,2015-01-26
789019,0001193125-15-144151,10-Q,2015-04-23,2015-04-24,2015,Q3,2015-03-31,quarterly,MSFT,MICROSOFT CORP,176683000000,90132000000,28691000000,21728000000,6963000000,27644000000,2499000000,7414000000,2469000000,,,,,21729000000,14568000000,6594000000,6517000000,1532000000,4985000000,2984000000,,8237000000,,,,,,9570000000,-1391000000,641000000,-2532000000,-5131000000,8179000000,61441000000,30143000000,120275000000,,,7372,8113000000,2015-03-31,single,,1725000000,,,instance,2015-04-23
789019,0001193125-15-272806,10-K,2015-07-31,2015-08-01,2015,FY,2015-06-30,annual,MSFT,MICROSOFT CORP,176223000000,80083000000,21774000000,16939000000,4835000000,27808000000,2499000000,5595000000,2902000000,,,,,93580000000,60542000000,18161000000,18507000000,6314000000,12193000000,12046000000,,8254000000,,,,,,29080000000,-5944000000,2574000000,-9882000000,-14443000000,23136000000,58309000000,30307000000,110390000000,,,7372,8027000000,2015-06-30,single,,4985000000,,,instance,2015-07-31
789019,0001193125-15-272806,10-K,2015-07-31,2015-08-01,2015,FY,2015-06-30,quarterly,MSFT,MICROSOFT CORP,176223000000,80083000000,21774000000,16939000000,4835000000,27808000000,2499000000,5595000000,2902000000,,,,,22180000000,14712000000,-2053000000,-1756000000,1439000000,-3195000000,3094000000,,,,,,,,6816000000,-1781000000,654000000,-2496000000,-4279000000,5035000000,58309000000,30307000000,110390000000,,,7372,8027000000,2015-06-30,single,,4985000000,,,instance,2015-07-31
789019,0001193125-15-350718,10-Q,2015-10-22,2015-10-23,2016,Q1,2015-09-30,quarterly,MSFT,MICROSOFT CORP,172896000000,77445000000,21887000000,17142000000,4745000000,27819000000,750000000,5431000000,3816000000,,,,,20379000000,13172000000,5793000000,5513000000,893000000,4620000000,2962000000,,8066000000,,,,,,8594000000,-1356000000,674000000,-2475000000,-4757000000,7238000000,55558000000,28569000000,106014000000,,,7372,7986000000,2015-09-30,single,,9998000000,,,instance,2015-10-22
789019,0001193125-16-441821,10-Q,2016-01-28,2016-01-29,2016,Q2,2015-12-31,quarterly,MSFT,MICROSOFT CORP,180098000000,76780000000,22055000000,17436000000,4619000000,40679000000,750000000,7185000000,2702000000,,,,,23796000000,13924000000,6026000000,5855000000,857000000,4998000000,2900000000,,8028000000,,,,,,5598000000,-2024000000,658000000,-2868000000,-3678000000,3574000000,54725000000,41429000000,118209000000,,,7372,7925000000,2015-12-31,single,,3000000000,,,instance,2016-01-28
789019,0001193125-16-550254,10-Q,2016-04-21,2016-04-22,2016,Q3,2016-03-31,quarterly,MSFT,MICROSOFT CORP,181869000000,74806000000,22407000000,17948000000,4459000000,40896000000,0,7170000000,2450000000,,,,,20531000000,12809000000,5283000000,5036000000,1280000000,3756000000,2980000000,,7985000000,,,,,,10367000000,-2308000000,672000000,-2842000000,-3857000000,8059000000,52399000000,40896000000,115702000000,,,7372,7870000000,2016-03-31,single,,5498000000,,,instance,2016-04-21
789019,0001193125-16-662209,10-K,2016-07-28,2016-07-29,2016,FY,2016-06-30,annual,MSFT,MICROSOFT CORP,193694000000,71997000000,21605000000,17872000000,3733000000,40783000000,0,6510000000,2251000000,,,,,85320000000,52540000000,20182000000,19751000000,2953000000,16798000000,11988000000,,8013000000,,,,,,33325000000,-8343000000,2668000000,-11006000000,-15969000000,24982000000,50392000000,40783000000,112780000000,,,7372,7808000000,2016-06-30,single,,12904000000,,,instance,2016-07-28
789019,0001193125-16-662209,10-K,2016-07-28,2016-07-29,2016,FY,2016-06-30,quarterly,MSFT,MICROSOFT CORP,193694000000,71997000000,21605000000,17872000000,3733000000,40783000000,0,6510000000,2251000000,,,,,20614000000,12635000000,3080000000,3347000000,225000000,3122000000,3146000000,,,,,,,,8464000000,-2655000000,664000000,-2821000000,-3677000000,5809000000,50392000000,40783000000,112780000000,,,7372,7808000000,2016-06-30,single,,12904000000,,,instance,2016-07-28
789019,0001193125-16-742796,10-Q,2016-10-20,2016-10-21,2017,Q1,2016-09-30,quarterly,MSFT,MICROSOFT CORP,212524000000,70372000000,21429000000,17907000000,3522000000,60154000000,,13928000000,3122000000,,,,,20453000000,12609000000,5225000000,5325000000,635000000,4690000000,3106000000,,7876000000,,,,,,11549000000,-2163000000,703000000,-2800000000,-4362000000,9386000000,48943000000,60154000000,130526000000,,,7372,7784000000,2016-09-30,single,,14536000000,,,instance,2016-10-20
789019,0001564590-17-000654,10-Q,2017-01-26,2017-01-27,2017,Q2,2016-12-31,quarterly,MSFT,MICROSOFT CORP,224610000000,68809000000,45525000000,34524000000,11001000000,59306000000,599000000,8468000000,1961000000,,,,,24090000000,14189000000,6177000000,6363000000,1163000000,5200000000,3062000000,,7830000000,,,,,,6293000000,-1988000000,767000000,-3024000000,-3599000000,4305000000,23284000000,59905000000,128714000000,,,7372,7730000000,2016-12-31,single,,25065000000,,,instance,2017-01-26
789019,0001564590-17-007547,10-Q,2017-04-27,2017-04-28,2017,Q3,2017-03-31,quarterly,MSFT,MICROSOFT CORP,225017000000,69729000000,45215000000,34668000000,10547000000,76222000000,599000000,6713000000,1979000000,,,,,22090000000,14030000000,5594000000,5916000000,1115000000,4801000000,3355000000,,7813000000,,,,,,10660000000,-1695000000,883000000,-3012000000,-2062000000,8965000000,24514000000,76821000000,146550000000,,,7372,7723000000,2017-03-31,single,,7187000000,,,instance,2017-04-27
789019,0001564590-17-014900,10-K,2017-08-02,2017-08-03,2017,FY,2017-06-30,annual,MSFT,MICROSOFT CORP,241086000000,72394000000,45228000000,35122000000,10106000000,76073000000,1049000000,7663000000,2181000000,,,,,89950000000,55689000000,22326000000,23149000000,1945000000,21204000000,13037000000,,7832000000,,,,,,39507000000,-8129000000,3266000000,-11845000000,-11788000000,31378000000,27166000000,77122000000,149516000000,,,7372,7708000000,2017-06-30,single,,9072000000,,,instance,2017-08-02
789019,0001564590-17-014900,10-K,2017-08-02,2017-08-03,2017,FY,2017-06-30,quarterly,MSFT,MICROSOFT CORP,241086000000,72394000000,45228000000,35122000000,10106000000,76073000000,1049000000,7663000000,2181000000,,,,,23317000000,14861000000,5330000000,5545000000,-968000000,6513000000,3514000000,,,,,,,,11005000000,-2283000000,913000000,-3009000000,-1765000000,8722000000,27166000000,77122000000,149516000000,,,7372,7708000000,2017-06-30,single,,9072000000,,,instance,2017-08-02
789019,0001564590-17-020171,10-Q,2017-10-26,2017-10-27,2018,Q1,2017-09-30,quarterly,MSFT,MICROSOFT CORP,249097000000,89647000000,44987000000,35389000000,9598000000,76255000000,1050000000,6884000000,3211000000,5768000000,,,,24538000000,16260000000,7708000000,7984000000,1408000000,6576000000,3574000000,,7799000000,,,,,,12440000000,-2132000000,973000000,-3003000000,-2570000000,10308000000,44660000000,77305000000,166952000000,,,7372,7720000000,2017-09-30,single,,8170000000,,,instance,2017-10-26
789019,0001564590-18-001129,10-Q,2018-01-31,2018-02-01,2018,Q2,2017-12-31,quarterly,MSFT,MICROSOFT CORP,256003000000,78360000000,44389000000,35355000000,9034000000,73348000000,3446000000,12859000000,2003000000,5640000000,,,,28918000000,17854000000,8679000000,9169000000,15471000000,-6302000000,3504000000,,7710000000,,,,,,7875000000,-2586000000,986000000,-3238000000,-2008000000,5289000000,33971000000,76794000000,155154000000,,,7372,7705000000,2017-12-31,single,,12466000000,,,instance,2018-01-31
789019,0001564590-18-009307,10-Q,2018-04-26,2018-04-27,2018,Q3,2018-03-31,quarterly,MSFT,MICROSOFT CORP,245497000000,79239000000,44126000000,35582000000,8544000000,73480000000,3447000000,9221000000,2084000000,5751000000,,,,26819000000,17550000000,8292000000,8641000000,1217000000,7424000000,3715000000,,7794000000,,,,,,12151000000,-2934000000,969000000,-3232000000,-3781000000,9217000000,35113000000,76927000000,156166000000,,,7372,7690000000,2018-03-31,single,,230000000,,,instance,2018-04-26
789019,0001564590-18-019062,10-K,2018-08-03,2018-08-04,2018,FY,2018-06-30,annual,MSFT,MICROSOFT CORP,258848000000,82718000000,43736000000,35683000000,8053000000,72242000000,3998000000,11946000000,2662000000,5568000000,,,,110360000000,72007000000,35058000000,36474000000,19903000000,16571000000,14726000000,,7794000000,,,,,,43884000000,-11632000000,3940000000,-12699000000,-10721000000,32252000000,38982000000,76240000000,158958000000,,,7372,7677000000,2018-06-30,single,,0,,,instance,2018-08-03
789019,0001564590-18-019062,10-K,2018-08-03,2018-08-04,2018,FY,2018-06-30,quarterly,MSFT,MICROSOFT CORP,258848000000,82718000000,43736000000,35683000000,8053000000,72242000000,3998000000,11946000000,2662000000,5568000000,,,,30085000000,20343000000,10379000000,10680000000,1807000000,8873000000,3933000000,,,,,,,,11418000000,-3980000000,1012000000,-3226000000,-2362000000,7438000000,38982000000,76240000000,158958000000,,,7372,7677000000,2018-06-30,single,,0,,,instance,2018-08-03
789019,0001564590-18-024893,10-Q,2018-10-24,2018-10-25,2019,Q1,2018-09-30,quarterly,MSFT,MICROSOFT CORP,257619000000,85967000000,43434000000,35855000000,7579000000,69733000000,6497000000,15137000000,3614000000,5652000000,,,,29084000000,19179000000,9955000000,10221000000,1397000000,8824000000,3977000000,,7766000000,,,,,,13657000000,-3602000000,1107000000,-3220000000,-3744000000,10055000000,42533000000,76230000000,162197000000,,,7372,7680000000,2018-09-30,single,,,,,instance,2018-10-24
789019,0001564590-19-001392,10-Q,2019-01-30,2019-01-31,2019,Q2,2018-12-31,quarterly,MSFT,MICROSOFT CORP,258859000000,92128000000,50059000000,41577000000,8482000000,69653000000,3516000000,6638000000,1961000000,5683000000,,,,32471000000,20048000000,10258000000,10385000000,1965000000,8420000000,4070000000,,7768000000,,,,,,8900000000,-3707000000,1183000000,-3544000000,-6413000000,5193000000,42069000000,73169000000,165297000000,,,7372,7683000000,2018-12-31,single,,,,,instance,2019-01-30
789019,0001564590-19-012709,10-Q,2019-04-24,2019-04-25,2019,Q3,2019-03-31,quarterly,MSFT,MICROSOFT CORP,263281000000,94864000000,49964000000,41861000000,8103000000,66585000000,6515000000,11212000000,1951000000,5972000000,,,,30571000000,20401000000,10341000000,10486000000,1677000000,8809000000,4316000000,,7744000000,,,,,,13520000000,-2565000000,1172000000,-3526000000,-4753000000,10955000000,44900000000,73100000000,167964000000,,,7372,7666000000,2019-03-31,single,,,,,instance,2019-04-24
789019,0001564590-19-027952,10-K,2019-08-01,2019-08-02,2019,FY,2019-06-30,annual,MSFT,MICROSOFT CORP,286556000000,102330000000,49776000000,42026000000,7750000000,66662000000,5516000000,11356000000,2063000000,6188000000,,,,125843000000,82933000000,42959000000,43688000000,4448000000,39240000000,16876000000,,7753000000,,,,,,52185000000,-13925000000,4652000000,-13811000000,-19543000000,38260000000,52554000000,72178000000,174508000000,,,7372,7643000000,2019-06-30,single,,,,,instance,2019-08-01
789019,0001564590-19-027952,10-K,2019-08-01,2019-08-02,2019,FY,2019-06-30,quarterly,MSFT,MICROSOFT CORP,286556000000,102330000000,49776000000,42026000000,7750000000,66662000000,5516000000,11356000000,2063000000,6188000000,,,,33717000000,23305000000,12405000000,12596000000,-591000000,13187000000,4513000000,,,,,,,,16108000000,-4051000000,1190000000,-3521000000,-4633000000,12057000000,52554000000,72178000000,174508000000,,,7372,7643000000,2019-06-30,single,,,,,instance,2019-08-01
789019,0001564590-19-037549,10-Q,2019-10-23,2019-10-24,2020,Q1,2019-09-30,quarterly,MSFT,MICROSOFT CORP,278955000000,106061000000,49621000000,42113000000,7508000000,66478000000,3017000000,13117000000,2622000000,6659000000,,,,33055000000,22649000000,12686000000,12686000000,2008000000,10678000000,4565000000,,7710000000,,,,,,13818000000,-3385000000,1262000000,-3510000000,-4912000000,10433000000,56440000000,69495000000,175556000000,,,7372,7634000000,2019-09-30,single,,,,,carried,2019-08-01
789019,0001564590-20-002450,10-Q,2020-01-29,2020-01-30,2020,Q2,2019-12-31,quarterly,MSFT,MICROSOFT CORP,282794000000,110109000000,49374000000,42248000000,7126000000,63361000000,6247000000,8864000000,1823000000,7172000000,,,,36906000000,24548000000,13891000000,14085000000,2436000000,11649000000,4603000000,,7691000000,,,,,,10680000000,-3545000000,1340000000,-3886000000,-5206000000,7135000000,60735000000,69608000000,179717000000,,,7372,7611000000,2019-12-31,single,,,,,carried,2019-08-01
789019,0001564590-20-019706,10-Q,2020-04-29,2020-04-30,2020,Q3,2020-03-31,quarterly,MSFT,MICROSOFT CORP,285449000000,114501000000,48919000000,42064000000,6855000000,62862000000,3748000000,11710000000,1644000000,7248000000,,,,35021000000,24046000000,12975000000,12843000000,2091000000,10752000000,4887000000,,7675000000,,,,,,17504000000,-3767000000,1338000000,-3876000000,-7059000000,13737000000,65582000000,66610000000,181111000000,,,7372,7590000000,2020-03-31,single,,,,,carried,2019-08-01
789019,0001564590-20-034944,10-K,2020-07-31,2020-08-01,2020,FY,2020-06-30,annual,MSFT,MICROSOFT CORP,301311000000,118304000000,50389000000,43351000000,7038000000,59578000000,3749000000,13576000000,1895000000,7671000000,,,,143015000000,96937000000,52959000000,53036000000,8755000000,44281000000,19269000000,,7683000000,,,,,,60675000000,-15441000000,5289000000,-15137000000,-22968000000,45234000000,67915000000,63327000000,181631000000,,,7372,7571000000,2020-06-30,single,,,,,carried,2019-08-01
789019,0001564590-20-034944,10-K,2020-07-31,2020-08-01,2020,FY,2020-06-30,quarterly,MSFT,MICROSOFT CORP,301311000000,118304000000,50389000000,43351000000,7038000000,59578000000,3749000000,13576000000,1895000000,7671000000,,,,38033000000,25694000000,13407000000,13422000000,2220000000,11202000000,5214000000,,,,,,,,18673000000,-4744000000,1349000000,-3865000000,-5791000000,13929000000,67915000000,63327000000,181631000000,,,7372,7571000000,2020-06-30,single,,,,,carried,2019-08-01
789019,0001564590-20-047996,10-Q,2020-10-27,2020-10-28,2021,Q1,2020-09-30,quarterly,MSFT,MICROSOFT CORP,301001000000,123392000000,50813000000,43890000000,6923000000,57055000000,6497000000,17205000000,2705000000,7753000000,,,,37154000000,26152000000,15876000000,16124000000,2231000000,13893000000,4926000000,,7637000000,,,,,,19335000000,-4907000000,1456000000,-3856000000,-6743000000,14428000000,72579000000,63552000000,186944000000,,,7372,7564000000,2020-09-30,single,,,,,carried,2019-08-01
789019,0001564590-21-002316,10-Q,2021-01-26,2021-01-27,2021,Q2,2020-12-31,quarterly,MSFT,MICROSOFT CORP,304137000000,130236000000,50774000000,44219000000,6555000000,55136000000,5387000000,14432000000,1924000000,8875000000,,,,43076000000,28882000000,17897000000,18337000000,2874000000,15463000000,4899000000,,7616000000,,,,,,12516000000,-4174000000,1566000000,-4230000000,-6535000000,8342000000,79462000000,60523000000,190759000000,,,7372,7546000000,2020-12-31,single,,,,,carried,2019-08-01
789019,0001564590-21-020891,10-Q,2021-04-27,2021-04-28,2021,Q3,2021-03-31,quarterly,MSFT,MICROSOFT CORP,308879000000,134505000000,57825000000,49698000000,8127000000,50007000000,8051000000,13702000000,2245000000,9272000000,,,,41706000000,28661000000,17048000000,17236000000,1779000000,15457000000,5204000000,,7597000000,,,,,,22179000000,-5089000000,1525000000,-4221000000,-6930000000,17090000000,76680000000,58058000000,192563000000,,,7372,7534000000,2021-03-31,single,,,,,carried,2019-08-01
789019,0001564590-21-039151,10-K,2021-07-29,2021-07-30,2021,FY,2021-06-30,annual,MSFT,MICROSOFT CORP,333779000000,141988000000,57511000000,49711000000,7800000000,50074000000,8072000000,14224000000,2636000000,9629000000,,,,168088000000,115856000000,69916000000,71102000000,9831000000,61271000000,20716000000,,7608000000,,,,,,76740000000,-20622000000,6118000000,-16521000000,-27385000000,56118000000,84477000000,58146000000,200134000000,,,7372,7519000000,2021-06-30,single,,,,,carried,2019-08-01
789019,0001564590-21-039151,10-K,2021-07-29,2021-07-30,2021,FY,2021-06-30,quarterly,MSFT,MICROSOFT CORP,333779000000,141988000000,57511000000,49711000000,7800000000,50074000000,8072000000,14224000000,2636000000,9629000000,,,,46152000000,32161000000,19095000000,19405000000,2947000000,16458000000,5687000000,,,,,,,,22710000000,-6452000000,1571000000,-4214000000,-7177000000,16258000000,84477000000,58146000000,200134000000,,,7372,7519000000,2021-06-30,single,,,,,carried,2019-08-01
789019,0001564590-21-051992,10-Q,2021-10-26,2021-10-27,2022,Q1,2021-09-30,quarterly,MSFT,MICROSOFT CORP,335418000000,151978000000,58249000000,50455000000,7794000000,50039000000,3249000000,19165000000,3411000000,10050000000,,,,45317000000,31671000000,20238000000,20524000000,19000000,20505000000,5599000000,,7567000000,,,,,,24540000000,-5810000000,1702000000,-4206000000,-7684000000,18730000000,93729000000,53288000000,205266000000,,,7372,7510000000,2021-09-30,single,,,,,carried,2019-08-01
789019,0001564590-22-002324,10-Q,2022-01-25,2022-01-26,2022,Q2,2021-12-31,quarterly,MSFT,MICROSOFT CORP,340389000000,160010000000,58383000000,50921000000,7462000000,48260000000,4998000000,20604000000,3019000000,10774000000,,,,51728000000,34768000000,22247000000,22515000000,3750000000,18765000000,5758000000,,7555000000,,,,,,14480000000,-5865000000,1897000000,-4652000000,-7433000000,8615000000,101627000000,53258000000,213268000000,,,7372,7500000000,2021-12-31,single,,,,,carried,2019-08-01
789019,0001564590-22-015675,10-Q,2022-04-26,2022-04-27,2022,Q3,2022-03-31,quarterly,MSFT,MICROSOFT CORP,344607000000,162924000000,78719000000,67371000000,11348000000,48177000000,1749000000,12498000000,3296000000,11357000000,,,,49360000000,33745000000,20364000000,20190000000,3462000000,16728000000,6306000000,,7534000000,,,,,,25386000000,-5340000000,1906000000,-4645000000,-8822000000,20046000000,84205000000,49926000000,212850000000,,,7372,7483000000,2022-03-31,single,,,,,carried,2019-08-01
789019,0001564590-22-026876,10-K,2022-07-28,2022-07-29,2022,FY,2022-06-30,annual,MSFT,MICROSOFT CORP,364840000000,166542000000,78822000000,67524000000,11298000000,47032000000,2749000000,13931000000,3742000000,11489000000,,,,198270000000,135620000000,83383000000,83716000000,10978000000,72738000000,24512000000,,7540000000,,,,,,89035000000,-23886000000,7502000000,-18135000000,-32696000000,65149000000,87720000000,49781000000,216323000000,,,7372,7464000000,2022-06-30,single,,,,,carried,2019-08-01
789019,0001564590-22-026876,10-K,2022-07-28,2022-07-29,2022,FY,2022-06-30,quarterly,MSFT,MICROSOFT CORP,364840000000,166542000000,78822000000,67524000000,11298000000,47032000000,2749000000,13931000000,3742000000,11489000000,,,,51865000000,35436000000,20534000000,20487000000,3747000000,16740000000,6849000000,,,,,,,,24629000000,-6871000000,1997000000,-4632000000,-8757000000,17758000000,87720000000,49781000000,216323000000,,,7372,7464000000,2022-06-30,single,,,,,carried,2019-08-01
789019,0001564590-22-035087,10-Q,2022-10-25,2022-10-26,2023,Q1,2022-09-30,quarterly,MSFT,MICROSOFT CORP,359784000000,173566000000,78267000000,67459000000,10808000000,45374000000,3248000000,22884000000,4268000000,11660000000,,,,50122000000,34670000000,21518000000,21572000000,4016000000,17556000000,6628000000,,7485000000,,,,,,23198000000,-6283000000,2192000000,-4621000000,-5573000000,16915000000,95299000000,48622000000,222188000000,,,7372,7457000000,2022-09-30,single,,,,,carried,2019-08-01
789019,0001564590-23-000733,10-Q,2023-01-24,2023-01-25,2023,Q2,2022-12-31,quarterly,MSFT,MICROSOFT CORP,364552000000,183136000000,78259000000,67905000000,10354000000,44119000000,3997000000,15646000000,2980000000,11998000000,,,,52747000000,35259000000,20399000000,20339000000,3914000000,16425000000,6844000000,,7473000000,,,,,,11173000000,-6274000000,2538000000,-5066000000,-5459000000,4899000000,104877000000,48116000000,231252000000,,,7372,7447000000,2022-12-31,single,,,,,carried,2019-08-01
789019,0000950170-23-014423,10-Q,2023-04-25,2023-04-26,2023,Q3,2023-03-31,quarterly,MSFT,MICROSOFT CORP,380088000000,194683000000,77819000000,67940000000,9879000000,41965000000,6245000000,26562000000,2877000000,12312000000,,,,52857000000,36729000000,22352000000,22673000000,4374000000,18299000000,6984000000,,7464000000,,,,,,24441000000,-6607000000,2465000000,-5059000000,-5509000000,17834000000,116864000000,48210000000,242893000000,,,7372,7437000000,2023-03-31,single,,,,,instance,2023-04-25
789019,0000950170-23-035122,10-K,2023-07-27,2023-07-28,2023,FY,2023-06-30,annual,MSFT,MICROSOFT CORP,411976000000,206223000000,77252000000,67886000000,9366000000,41990000000,5247000000,34704000000,2500000000,12728000000,,,,211915000000,146052000000,88523000000,89311000000,16950000000,72361000000,27195000000,,7472000000,,,,,,87582000000,-28107000000,9611000000,-19800000000,-22245000000,59475000000,128971000000,47237000000,253460000000,,,7372,7432000000,2023-06-30,single,,,,,instance,2023-07-27
789019,0000950170-23-035122,10-K,2023-07-27,2023-07-28,2023,FY,2023-06-30,quarterly,MSFT,MICROSOFT CORP,411976000000,206223000000,77252000000,67886000000,9366000000,41990000000,5247000000,34704000000,2500000000,12728000000,,,,56189000000,39394000000,24254000000,24727000000,4646000000,20081000000,6739000000,,,,,,,,28770000000,-8943000000,2416000000,-5054000000,-5704000000,19827000000,128971000000,47237000000,253460000000,,,7372,7432000000,2023-06-30,single,,,,,instance,2023-07-27
789019,0000950170-23-054855,10-Q,2023-10-24,2023-10-25,2024,Q1,2023-09-30,quarterly,MSFT,MICROSOFT CORP,445785000000,220714000000,76685000000,67790000000,8895000000,41946000000,3748000000,80452000000,3000000000,13487000000,,,,56517000000,40215000000,26895000000,27284000000,4993000000,22291000000,6659000000,,7462000000,,,,,,30583000000,-9917000000,2507000000,-5051000000,-4831000000,20666000000,144029000000,45694000000,266408000000,,,7372,7431000000,2023-09-30,single,,,,,instance,2023-10-24
789019,0000950170-24-008814,10-Q,2024-01-30,2024-01-31,2024,Q2,2023-12-31,quarterly,MSFT,MICROSOFT CORP,470558000000,238268000000,148827000000,118931000000,29896000000,44928000000,2250000000,17305000000,1615000000,14155000000,,,,62020000000,42397000000,27032000000,26526000000,4656000000,21870000000,7142000000,,7468000000,,,,,,18853000000,-9735000000,2828000000,-5574000000,-4000000000,9118000000,89441000000,47178000000,285446000000,,,7372,7432000000,2023-12-31,single,,,,,instance,2024-01-30
789019,0000950170-24-048288,10-Q,2024-04-25,2024-04-26,2024,Q3,2024-03-31,quarterly,MSFT,MICROSOFT CORP,484275000000,253152000000,147991000000,119163000000,28828000000,42658000000,2249000000,19634000000,1304000000,14469000000,,,,61858000000,43353000000,27581000000,26727000000,4788000000,21939000000,7653000000,,7472000000,,,,,,31917000000,-10952000000,2703000000,-5572000000,-4213000000,20965000000,105161000000,44907000000,298059000000,,,7372,7433000000,2024-03-31,single,,,,,instance,2024-04-25
789019,0000950170-24-087843,10-K,2024-07-30,2024-07-31,2024,FY,2024-06-30,annual,MSFT,MICROSOFT CORP,512163000000,268477000000,146817000000,119220000000,27597000000,42688000000,2249000000,18315000000,1246000000,15497000000,,,,245122000000,171008000000,109433000000,107787000000,19651000000,88136000000,29510000000,,7469000000,,,,,,118548000000,-44477000000,10734000000,-21771000000,-17254000000,74071000000,121660000000,44937000000,313414000000,,,7372,7434000000,2024-06-30,single,,,,,instance,2024-07-30
789019,0000950170-24-087843,10-K,2024-07-30,2024-07-31,2024,FY,2024-06-30,quarterly,MSFT,MICROSOFT CORP,512163000000,268477000000,146817000000,119220000000,27597000000,42688000000,2249000000,18315000000,1246000000,15497000000,,,,64727000000,45043000000,27925000000,27250000000,5214000000,22036000000,8056000000,,,,,,,,37195000000,-13873000000,2696000000,-5574000000,-4210000000,23322000000,121660000000,44937000000,313414000000,,,7372,7434000000,2024-06-30,single,,,,,instance,2024-07-30
789019,0000950170-24-118967,10-Q,2024-10-30,2024-10-31,2025,Q1,2024-09-30,quarterly,MSFT,MICROSOFT CORP,523013000000,287723000000,146125000000,119374000000,26751000000,42868000000,2249000000,20840000000,1626000000,16361000000,,,,65585000000,45486000000,30552000000,30269000000,5602000000,24667000000,7544000000,,7470000000,,,,,,34180000000,-14923000000,2832000000,-5574000000,-4107000000,19257000000,141598000000,45117000000,332840000000,,,7372,7436000000,2024-09-30,single,,,,,instance,2024-10-30
789019,0000950170-25-010491,10-Q,2025-01-29,2025-01-30,2025,Q2,2024-12-31,quarterly,MSFT,MICROSOFT CORP,533898000000,302695000000,144576000000,119191000000,25385000000,39722000000,5248000000,17482000000,909000000,17254000000,,,,69632000000,47833000000,31653000000,29365000000,5257000000,24108000000,7917000000,,7468000000,,,,,,22291000000,-15804000000,3089000000,-6170000000,-4986000000,6487000000,158119000000,44970000000,347665000000,,,7372,7435000000,2024-12-31,single,,,,,instance,2025-01-29
789019,0000950170-25-061046,10-Q,2025-04-30,2025-05-01,2025,Q3,2025-03-31,quarterly,MSFT,MICROSOFT CORP,562624000000,321891000000,143297000000,119329000000,23968000000,39882000000,2999000000,28828000000,848000000,17686000000,,,,70066000000,48147000000,32000000000,31377000000,5553000000,25824000000,8198000000,,7461000000,,,,,,37044000000,-16745000000,2980000000,-6169000000,-4781000000,20299000000,178594000000,42881000000,364772000000,,,7372,7434000000,2025-03-31,single,,,,,instance,2025-04-30
789019,0000950170-25-100235,10-K,2025-07-30,2025-07-31,2025,FY,2025-06-30,annual,MSFT,MICROSOFT CORP,619003000000,343479000000,142113000000,119509000000,22604000000,40152000000,2999000000,30242000000,938000000,17437000000,,,,281724000000,193893000000,128528000000,123627000000,21795000000,101832000000,32488000000,,7465000000,,,,,,136162000000,-64551000000,11974000000,-24082000000,-18420000000,71611000000,201366000000,43151000000,386630000000,,,7372,7434000000,2025-06-30,single,,,,,instance,2025-07-30
789019,0000950170-25-100235,10-K,2025-07-30,2025-07-31,2025,FY,2025-06-30,quarterly,MSFT,MICROSOFT CORP,619003000000,343479000000,142113000000,119509000000,22604000000,40152000000,2999000000,30242000000,938000000,17437000000,,,,76441000000,52427000000,34323000000,32616000000,5383000000,27233000000,8829000000,,,,,,,,42647000000,-17079000000,3073000000,-6169000000,-4546000000,25568000000,201366000000,43151000000,386630000000,,,7372,7434000000,2025-06-30,single,,,,,instance,2025-07-30
789019,0001193125-25-256321,10-Q,2025-10-29,2025-10-30,2026,Q1,2025-09-30,quarterly,MSFT,MICROSOFT CORP,636351000000,363076000000,140733000000,119497000000,21236000000,35376000000,7832000000,28849000000,1130000000,17348000000,,,,77673000000,53630000000,37961000000,34301000000,6554000000,27747000000,8146000000,,7466000000,,,,,,45057000000,-19394000000,2983000000,-6169000000,-5650000000,25663000000,222343000000,43208000000,406284000000,,,7372,7434000000,2025-09-30,single,,,,,instance,2025-10-29
789019,0001193125-26-027207,10-Q,2026-01-28,2026-01-29,2026,Q2,2025-12-31,quarterly,MSFT,MICROSOFT CORP,665302000000,390875000000,139911000000,119622000000,20289000000,35425000000,4837000000,24296000000,1059000000,17345000000,,,,81273000000,55295000000,38275000000,48246000000,9788000000,38458000000,8504000000,,7460000000,,,,,,35758000000,-29876000000,3219000000,-6762000000,-7415000000,5882000000,250964000000,40262000000,431137000000,,,7372,7429000000,2025-12-31,single,,,,,instance,2026-01-28
789019,0001193125-26-191507,10-Q,2026-04-29,2026-04-30,2026,Q3,2026-03-31,quarterly,MSFT,MICROSOFT CORP,694228000000,414367000000,138986000000,119661000000,19325000000,31423000000,8839000000,32105000000,1219000000,16703000000,,,,82886000000,56058000000,38398000000,39340000000,7562000000,31778000000,8915000000,,7445000000,,,,,,46679000000,-30876000000,3081000000,-6756000000,-4627000000,15803000000,275381000000,40262000000,454629000000,,,7372,7429000000,2026-03-31,single,,,,,instance,2026-04-29
